
114135477
102343968
141016690
135069255
211078211
135019956
114128643
114134965
141028618
102371806
105463175
135017826
102384505
114149955
105425694
102337886
78089024
141028921
102307652
135109056
105481530
153050634
105431744
105598723
135051291
114189708
102401721
141072805
211055743
102394576
102354968
114150020
105437002
105660112
105512434
102356754
114127872
105429287
114151190
102396362
153118624
102337266
102401113
153036428
105572332
114184658
102376801
153056685
102439766
102450768
114190510
153074354
105438127
135117249
102282389
211049222
114137959
114149403
102366754
105822669
102296566
105744118
105579858
141002634
141012653
186104963
141052307
105712180
105467804
102344626
153028892
114134957
102285690
105685646
153061187
114136627
32404918
141024417
135033510
153151189
153123635
141072750
205073938
105473753
229008639
205089360
205091785
102338686
198215663
114133603
105557576
114154195
102347296
186043400
141024998
102320508
102401816
211007304
105428699
114127513
135020828
102331594
102323408
105524428
105439834
102298967
102333433
102348913
105559310
105577174
114171106
153056821
186008633
105426311
102395625
114189538
105511372
105466742
102365012
102392734
105447425
114125546
105427778
105533508
114145043
105484509
114127047
114164023
153104152
105550043
105453803
141029436
135017796
102386921
114144173
205095466
205002705
135031400
186033324
114129780
114161599
105534150
105533646
102377878
153044773
114149369
135031637
153149653
102417872
78090895
114161796
205069253
105467678
102331267
153059067
141009345
105761313
141025411
135033266
114150363
105557839
105539800
114149980
153035615
105498572
141032718
153041610
105428945
105429256
102294298
105436792
105512193
223006983
135070246
105611094
102332437
105428912
114130257
102406153
153161600
135020576
229044485
114155632
102362420
105447576
141039454
102336668
114128654
102420203
102310222
141052201
102348556
78090800
90069571
114134673
198134260
102358827
186101124
105558456
141042027
135020195
102298953
66236587
102376296
186003584
211057207
223005949
229044757
141052811
102285771
135050727
105442217
205079952
229054077
105461923
105450826
105713651
105460694
114124947
102437172
135033457
90070058
153156862
135019757
141123767
141004887
102379680
153057097
135159762
102360813
105451338
102299434
141025192
102298904
102319931
141012987
105454065
114149987
102360413
186127463
102323231
105511398
102368533
198186696
135045374
135053271
105613985
102299651
78089683
105597581
135021636
102311581
114177784
141230242
114170732
153192985
102377059
186020513
186116908
105444672
102292368
102338217
153017215
78086713
211039627
102311686
114163970
135029608
102371394
105525610
211022047
102324524
153006966
135018389
102313038
198065351
153028600
198253634
198250172
102413947
102303750
105579889
114126278
105796683
105428112
105446696
105463987
114154117
135072029
135019730
105465108
102366123
114145594
105469964
102365278
105517807
105534537
102370743
114124982
114134640
114150352
114167726
153023499
153042450
102407022
105585102
105486505
66240904
153094099
205033212
102362426
102332413
135017812
105549288
223047516
105471912
114140047
153046309
186029316
135046661
135021587
102338695
102366483
114129671
198265634
105430977
102299929
141029006
105639711
51461710
223000733
105441985
135159273
135061416
105511206
135023202
105505232
153037246
141027058
153057099
223035118
229035439
141001193
102334743
205069555
102346476
205027652
105425275
102372877
105438575
102427829
102334876
135020254
105448517
102389095
135152731
114150382
186091425
114131811
211030294
135033051
141025311
105566619
102376787
141208875
102383074
153053231
102360110
153140662
105440350
114156749
211028952
102346523
223042460
141001512
102327691
135028470
205075839
135019733
114134804
102451660
153023989
102424365
105509395
102350971
105625555
105430357
147022259
105653217
105579031
102304043
102393519
102360645
141036254
105432131
114127410
105579053
102382065
105449478
153018733
198300364
51452823
153153612
32399070
102375602
135019781
102346363
102393351
135053375
135023023
153038421
105635156
153003950
153063538
153094109
102310920
211063977
102348328
114171714
186111475
186053297
141125212
105531260
135017771
102352291
102342185
135048178
186111758
141238017
205067505
105455331
102300122
141101595
51452821
102343889
114133399
51451080
153016452
102438259
102321488
105471659
102338027
102300275
105615308
102415579
153057104
105446069
102352829
102362028
105608288
102335268
141221969
105428182
102283183
105483991
102341613
141025954
141026056
105497616
135029533
141028683
205094573
135019419
211055478
223041708
141026880
198300354
102341475
135121360
105473856
105437351
102360981
135057819
102371119
105427669
114126723
105481744
105457853
102340190
102376888
105542715
102388083
153032963
135064483
102408640
90076098
141138505
153026329
102334160
114150023
135025736
105544281
135023016
135019446
135022781
102368819
135018039
198225762
153070667
135018174
102356058
153092499
102359171
141029003
114159029
102405361
105449296
102367539
102359267
153100216
105437103
114157908
102362559
135018437
105512192
105558996
102281928
135017787
102302337
102292978
135110917
198155113
205001510
105497475
105643843
114131650
102282402
102360386
114135606
114127431
105521757
105530678
135160962
105484773
105523202
102365772
102383176
153060939
198052283
105471378
135035170
102366647
102369044
102373384
105467648
105539031
205079657
211005743
32399876
114159226
114171121
102370730
105430576
105442949
102293854
105597546
105663119
105436651
229019036
135029502
105714649
135026219
102375661
135081549
102347343
114170291
114130005
141078973
223030593
141025850
141023187
105794664
186088203
102298888
102377699
105521838
135029670
102424513
105768413
102393031
105491243
102356354
102371270
102379013
102360988
114125438
105444900
135039898
135040805
153169894
141190803
102349836
135020009
102331939
105501260
186074068
114134407
102404978
211044387
135019157
141025549
135017773
102386883
102343597
153027597
114190001
135021349
153087806
153153597
135159552
102373002
114126322
105677675
102285731
102350300
153022107
153068367
141244845
114135105
114177466
105778471
135024863
105481758
141113441
105425321
105466469
135050687
205041936
105678109
135028433
102280967
153052758
153170647
229005308
223052375
105429860
198246694
114127208
153046343
141226413
87614237
198249420
198270647
114127105
114160379
153154076
135032260
135047998
102356786
153010018
105449126
105561287
135038538
186067153
102438602
114148488
198176895
105467441
102340333
102350357
102320514
114149958
205083984
141031521
141168763
198250201
135024117
229016007
114142424
153053380
114135699
141043775
102372994
135028690
105560619
114135101
105519002
205004883
102309215
105511116
102332149
141025281
153027519
153118149
141000823
102299154
114150813
153044656
102299047
105551016
135020441
153137249
135046739
105682370
105428812
153072798
114130882
198143267
105531231
153015781
141026712
229026712
90079988
186003103
153149660
102414445
105439614
114124967
105425553
153046319
186061103
114147601
105425565
198220236
186025799
135139699
102282828
102417363
135018318
105433326
135019716
102388026
105522366
102369748
102361083
135070432
105727622
105461222
105665401
102348899
153059683
102368544
141218514
211011728
135025498
135038393
105491155
135061305
135019029
105433303
102292787
102306933
102373014
51454931
114129670
102389869
114177644
205079947
102390032
211056875
105506522
223009879
102371913
102327859
114126562
102393652
186118865
105425580
114187476
105444457
186126658
211007350
102339662
135037837
141025453
102285340
114134401
198239843
135018585
105498889
141035406
102358712
102402365
135018367
114135092
153193373
102304095
102338189
114128896
135034687
102303400
135155343
105509659
114133598
105543169
105519325
135018559
105491223
105487303
135051802
223026733
141025301
102313721
205007717
153060248
105425724
105534976
102364547
105566664
114163814
105751309
114129287
135158556
102296139
153096216
153057100
102280879
229010866
105483998
211009180
102313907
105769300
105457891
114179543
105721974
153015708
102372339
141008592
32397860
135022992
102385723
105442026
102291805
102336470
105554042
105594550
114150652
105516958
135021332
114134639
105720718
102355051
105590712
153041455
153042235
105559869
105502984
105569686
102378987
135018421
102287446
102393091
105522373
153083976
205067662
135018404
102334732
102348344
153080220
114137424
114190409
114125061
114126570
114130454
135023101
102374184
153026296
105712381
141026005
102404982
135034570
141025856
105588098
186039565
141000640
135097160
205035686
205002795
153153714
102397067
102385806
105491313
32398610
102389614
102360866
114127531
105461920
114170435
102431055
153089735
105472216
141071271
141029429
102425685
223002153
141247430
90071198
102386506
102395653
141075019
105439492
105430624
51452157
147023577
135017917
102308310
66234746
114134237
105658934
153042229
135018405
105450576
105524046
114155927
105736917
141133904
102371564
114138123
135145497
114134413
102384780
102386897
102394021
102336460
153026885
102289053
102397331
153136442
186020517
135024790
135026950
114190405
153050180
114155404
102371091
105453069
153045746
153096704
102373018
102307174
102434370
229051072
135161310
102370505
105637603
141016536
102411951
102378955
105450591
102415567
141249917
102299615
102415933
141051027
102348316
105608973
105543225
105596639
141135908
105447377
102368889
135019496
153086022
105711505
195011164
153119007
135053270
135076402
114141009
186055839
186066241
135037644
102354678
105636314
114126559
153051836
105444517
102392041
102421589
114160390
135031399
105677138
141001167
153053735
114135047
114136283
135039271
102281037
102297512
141030149
135131544
205084343
102310053
211044723
105428387
102353128
102408041
105470557
114132513
105439653
105501223
135018273
105425841
141025191
105523437
141019626
114128945
135048087
135054308
102386255
102351984
105539887
105462870
102376777
102405731
153035093
105693039
102382961
135019254
105447032
211055572
102332312
114190914
102334855
114152719
153034904
105503928
135058287
135036224
135032488
135019605
102361793
102367018
135051363
141230257
105444279
102344845
102387944
141125870
114133590
114155689
105536263
114163008
114136279
105535943
102360656
114150102
102416692
186114543
135037466
114125413
153012411
135023001
105461712
105425635
153061624
102450216
153028752
141097577
105592405
105498464
32403046
105511147
114133945
102368651
153118345
102310044
102390455
105591634
205045457
102331680
153045321
205014215
105542798
141150866
102337063
186054158
114132532
135043767
153061119
153174833
102356067
153054929
105467824
153132710
102361851
114133851
135026440
102309331
105522758
105493885
105733712
141022801
102367292
102337186
114171141
135020121
114163862
141237131
114130166
153064920
186106530
102375699
105573483
102375231
105543736
114150084
223012241
153109977
135068589
102391075
141226339
205103440
135026992
102383621
102299184
105680104
102393320
114131474
135023770
186033573
141091402
153072726
105469757
114155940
153008507
102281302
102424892
153040906
153071680
141142590
105490816
105740651
105496455
135069827
141071554
105515808
105558804
114126512
105448609
105657319
105545671
105435739
135022026
32407062
102405967
153064740
141153650
114126566
135149301
186045458
102310324
102353218
102380956
105768262
105425285
105511606
105436906
102362616
102414447
102368793
135017803
135017849
102369552
135019048
102318459
102369953
105429995
135038576
105798522
211054415
135017909
102417907
105535800
102344373
102344560
102358096
102383626
114152619
102337576
141075855
153097626
114130436
105430519
102378367
135061449
105435693
135019610
153062040
114150275
102374484
135032492
114135706
141024928
205092435
198182425
102333515
102390108
114150057
153066243
141025305
105513010
135033574
135059888
153173143
102368505
114129848
141004212
198001240
105545851
135114858
102324133
102399052
135030253
102299985
153003888
105484279
102332080
102383647
153031971
102425105
105428079
102378312
102310684
141024673
102298971
102318681
102353437
114149943
102320062
153165809
102356635
102339552
102439989
114149977
102339363
102308707
102386862
153145631
135025428
102397357
153083862
105432419
105661940
153015312
102338180
102377624
153027212
102282652
141064753
186107050
153030115
141098018
102301086
105672245
102388965
105565002
102334704
141029028
211058109
114175712
105673934
114170720
105431279
102374987
105636581
153014722
102414984
102420063
211080599
114146759
135087325
135146292
135019478
153136451
102378512
102308585
153148806
153068768
135029165
105737511
135025805
102440313
105562029
153115288
102296175
105433857
114149951
102373436
153075498
114132293
153050308
135017785
114167631
135020805
105611718
135018406
105481355
105673055
102435430
102348632
153102485
114172325
141097853
102320852
135019831
205002766
105543137
141190727
102328382
102349000
153036278
102332528
102396683
114181828
90074329
102408047
153012520
105428888
105515565
102407002
153120380
102361876
105606550
105453191
114127585
141087698
105607457
205081859
102348894
105576669
211055429
105641940
105698454
105503902
105632978
135064990
102292646
135021726
105635893
153089716
135109324
114148964
135018408
102372180
114169217
102374462
186103778
135029827
223005873
141043854
105612705
114128096
153118901
105501830
105484537
211056734
105533542
135054119
102301935
102368548
102340278
105610697
102428840
229038257
105572520
135019914
114136611
114151715
102371988
102280998
102335000
102300929
135033286
141047270
102448303
198183410
105521393
105550252
102308491
105448809
114164000
153035369
102307405
153027595
102337931
153098109
141072589
102399135
105517000
105427743
114133267
114135123
141009352
205023607
198235115
105532099
105519268
102353819
105631704
135092384
205050063
135048393
153050172
105467630
51451806
105461196
102333444
105425614
114126714
102298887
102335649
105659171
153080316
102334100
102358582
102422847
102346603
205103835
102374114
198249100
135100988
114187880
135020001
114132936
105609042
102418366
114138964
135046000
153038821
153124858
211066274
102357328
114163650
102399304
229051256
114154508
114129666
105470574
153134178
105566675
205103842
105438082
135064831
32399068
90073828
153052058
105522859
105607857
105484439
186123223
205094660
105483993
114132931
105430854
105430297
114128225
114129646
141069200
211080374
105758273
114125215
135020062
114144107
153046304
153087848
102282695
141024888
102301816
102371542
105707420
135025354
135026552
102320003
105557559
186070289
102291770
141165928
198158927
141099911
105430982
211038298
102309359
102377970
105493859
105469380
102341242
105622887
102283016
105454166
114130374
102281082
135021441
102425092
135089760
205025385
102371335
102442043
153122901
205063914
102385917
105680054
135149465
102281355
198197109
114167694
105432339
105594527
105511396
114129945
102399861
153033594
102336994
114174994
141126523
186022081
105528267
102283060
102368646
102367237
135021027
114136302
114133286
114128934
105707046
223051454
102375218
153025433
105522770
102371344
141020423
102385488
135028662
102369409
186012119
135018279
102417838
198193238
105429988
105792448
153046307
105532213
105636621
114134352
135019414
105430049
105508347
141015909
105696954
153083049
102329437
135024392
102316381
105741733
105571014
102412435
102390291
186085260
135100989
114128284
105452129
105484291
114137345
102371791
102377048
102299965
102359642
102396918
114130611
153043594
114155847
153046071
153083404
205017558
105463875
105425732
114150307
114125444
32417987
153075282
102332516
205004942
105561689
102293780
35488372
141027444
114150021
211055881
105429790
102294284
102383370
105498355
114126253
105467608
141122009
135017836
102382032
105621122
114140116
114131241
105441807
211056209
102341564
153012169
205032384
105660441
105493104
102437164
102332587
102418975
153149667
135063729
198140277
211055653
153019282
102348946
102338404
186077698
105678527
105485104
102370912
141073598
114155370
141008060
102303677
105644412
102434151
205054191
105615339
105535437
102365421
105531251
198177467
135018642
114189824
105425944
205032723
114152827
102442130
105428933
105768031
105432568
102371350
141025384
153127151
198161956
223043420
135074826
102308859
102339603
105428878
105429476
105546929
135018333
105572021
105645617
153036905
105430830
102421474
102414030
105434803
153027277
105713706
102401878
105616586
102434557
186021756
102285705
105557951
32403505
105433288
135023294
135029076
102373189
141074090
186067850
114130674
102416046
105504406
102375739
102364288
205046595
105712170
205058342
102301805
114149971
153019083
141211517
135017769
51452158
211069562
223029647
153075386
105636886
211089038
141079980
229012756
153090928
105606427
102317435
141034782
105817220
102300987
105499056
114139322
135096732
105429895
141064558
105453037
135029496
105467488
153039492
105584083
102284779
105450614
135018175
105620821
114133690
141213129
102365441
102339914
102379006
105636459
114173313
135038447
102313520
105466394
114162292
141034945
141235522
102333577
105425367
102425460
135021801
229036862
102338860
102389861
102387177
141025993
135024804
114126715
135018527
105512115
135138109
105506805
102421578
102369558
114140120
153053052
102377156
102356097
102372955
141182807
105523273
105584130
102374371
102346232
102428641
186070739
153037938
102375233
141123149
102293006
105428227
141015526
78099843
198247615
114127527
114135650
102425408
211074632
135018017
153162802
102301148
102424361
114131810
102300049
105504919
105428954
135019398
114150453
105462975
102409745
102397090
186014453
198102982
205003448
51451584
205063904
66236504
211041463
135052052
114150452
114150661
186097627
198059777
102436464
102396365
141002402
105670279
102413911
135074541
153003849
105693994
186008603
102288171
153021150
135138310
229010220
114175178
198299151
105644288
153061655
229043944
102346421
153040236
32405390
153175852
153092638
102393382
153122624
229020438
153043077
102343763
135021041
105616366
102386842
135046081
102400921
102308193
135020783
135019843
102284412
102309658
102360948
114136297
186019122
135018929
102395358
105455486
102342956
102384624
135021157
114126254
102428847
102396092
78094564
141050962
153073699
114130924
102338662
102364492
135018339
114153931
105425578
102360876
105571028
135018287
105442918
141213824
102408445
135076073
102295188
102286348
105442125
102299426
105605363
102313903
141001445
153054023
102348845
102344532
114128019
102420081
105533522
205010920
114129936
198321123
114150560
135017799
105426448
105518825
105426167
114159660
205031412
102401133
205008952
102350158
105648422
153116024
141012422
114132261
102353721
141115676
114167132
102428851
205018703
105627214
153041607
153094089
141003001
102353754
105449240
102286242
141016562
105717745
105492831
105684220
135029228
105467814
102313906
102369432
205030567
102365735
135018398
135018570
135153860
102342504
135121054
114150581
102360553
102343139
114149954
105646853
114163871
114183031
153149659
186033139
114183376
153120937
105612340
141008614
102394590
102382864
102305273
102368286
105425572
105690002
153032958
102338259
135066401
102443394
153027268
153031623
102374575
135130301
102304217
105583997
114131037
102346323
153135516
153036405
102318913
105561282
223020426
105431114
105500783
32403048
102395746
102372977
153034816
105467963
114127163
153053467
114133525
135050307
141087540
102338579
153119943
105647853
105544265
114162541
186093895
105428138
105544737
102283333
102360860
102376999
114133592
105425286
141039450
114131048
141169828
102330833
102342747
153053383
153118297
102406817
105683080
205100017
102308960
135019759
105563352
205059053
105500069
105537131
141030716
135023323
102313558
105499663
105529435
141161650
153076627
102287043
105511993
105610721
114132927
205061052
186026674
102374046
141050161
135050916
141042038
102410870
153052874
105679699
114150838
186070284
114157301
141031524
153061439
135030673
135027702
198268710
102371337
102383042
105678423
105679029
205074446
102328236
153185689
186121387
211000046
102370463
102372013
114125748
105448421
105659037
229020605
135021835
186033624
102362442
105614205
141026556
114135043
102345770
153046536
105529313
102430219
141024716
153162619
186119198
114174679
105557569
102406900
105429874
135034585
102353763
153007846
102350060
135032918
114132369
102435126
135025495
198172407
114135441
141233408
211019702
198219615
105467672
141074281
102370512
114184664
153151642
102353338
102422144
198220868
102336616
105440523
102354645
105633515
186012243
105521378
102377606
105460374
105467560
102377728
114127246
114150098
141065186
186063722
105590439
211049221
102281321
105440519
102311919
102332869
102382470
135030481
105442964
135040509
102370821
32403503
90072064
102407647
105583764
102343762
102406248
114177977
205027953
114135099
102361428
105428960
114151536
105440970
102294152
105705970
105430998
153135150
102356473
186088389
135022849
102314477
135018609
141024785
141064133
102347617
102358114
105503923
102405875
114174802
141093777
135075100
135109728
211040858
102295485
102383317
141174152
102328471
135030904
135036222
105573302
66235515
135026961
205054868
105560022
114190357
102392047
153015762
105477728
114126563
102286089
135029497
102359002
114145921
153084542
186117496
105497533
135071308
223006993
198124909
102430242
186070428
102385478
102417058
135020804
135029795
102377968
141011542
198117646
114131676
105524649
102359333
114150266
102362429
135067373
135017776
102335798
105523335
205097567
153014213
153026916
141083821
105491323
105536251
102358379
186110480
105509362
102381628
135113475
153190384
223024483
102372780
102304037
198185304
198226976
153033237
102370901
102384647
105444908
205061458
105481691
114131678
102359120
114137600
141022861
153126401
105514791
114151900
114154837
141235021
153003848
141148624
114142342
141034643
105447771
105477732
153032511
153068053
135127023
153161503
211037099
102304105
153054644
114136228
198109333
105425357
114127561
102370478
114139606
141045101
102283111
186121383
211055649
229028407
105481112
105637087
153095179
205010925
135020247
102351131
114135042
223050306
114130443
102346506
135018762
105534690
135054683
102336984
102386217
102306059
135019338
114128930
105491973
135052253
153056955
135021462
102333843
186084913
135017772
102332905
114147219
105726639
105650409
102337481
102280971
135087786
192006559
114134420
141108901
105452893
229039764
105507061
229029298
105541557
102337975
105517040
153056073
205098382
114136293
102336632
105470495
102328953
135018241
114129407
153045679
105448309
135071214
198275531
114129608
135046522
102344478
135037107
141045979
223000664
135021323
105428211
105425469
135024403
102374886
105551600
102299611
135048133
141214634
102377481
105642309
102405724
135024282
105462475
105741091
141097040
198185925
102394617
114150001
186067357
102367562
114135103
211073090
105426532
153165964
153003913
105513109
153174395
102311416
114142372
102370735
102340153
211055851
198225240
105522817
135018690
105802394
135029539
102348627
105729950
135028076
229028784
141251213
114127190
102377550
114126453
105467384
102352756
105561305
114188942
102336810
105526143
102425085
114130446
102371899
153009959
141084820
105552047
135023002
114126451
114149993
141043180
105434196
102376543
102357286
102362292
135031397
66235995
102386638
114125014
105722398
205097962
90069570
186085567
153193407
105723738
102294366
102401947
186078434
102391912
198217196
102394567
153057101
223036198
135018444
114145574
102331940
135019172
90072742
198008724
205051543
66236767
135051138
114131229
135018791
102327352
102332116
153033439
102296584
105446945
186029013
105435567
114147487
102383125
135116288
105627234
135018402
102299839
105470510
105531576
105611156
141025927
105512166
114154153
105663059
153011676
153053899
205005045
105448433
102337580
105425458
102299000
102311784
105550835
102296420
102353987
102378649
141025485
105571230
135019514
135098425
186060130
141105192
135033265
102300623
198211637
105435909
102343103
102353462
102334736
114136782
105568583
153060751
135101513
66236465
105643233
105466175
102415361
102337271
141023722
105458035
102339455
114140440
105453697
114166791
135021565
105659191
102417355
223032874
105740375
114162703
229023742
114130445
105556709
102369821
135027856
102391527
135018330
153128916
135021850
105466949
105671447
78100001
153036421
105482018
114153110
105481241
102379747
135161380
105563813
135058726
205002780
105581477
153095543
141024467
153133821
229044469
114156034
102338055
105565124
198187600
114160904
114132933
141141879
102313565
102324706
135018422
135067413
135036510
102315332
105440746
105680324
135085526
198232719
114156507
141141220
102348872
105432645
105513359
105791997
114189621
102339349
105448925
102318543
205023266
198215075
114147484
135025332
105425528
135019319
153109260
135021355
205007776
198106494
102393967
102371365
102331880
114132452
105530586
141137271
153088957
141139090
205036456
105678135
153061448
102338529
102368537
141035654
211023913
114134415
135024683
102392430
114142806
114131674

0
0
