102267441
102369552
102423970
102423974
102436464
102486149
102487778
102852567
102986598
105707092
105855760
105902083
106358936
106358938
106358939
106562557
106657072
107025852
107314971
107314976
107371267
107371269
109722317
109737496
109747971
109766114
109821522
109832260
109832738
109854344
109859719
110153818
114196281
128296016
128895546
128895777
128906060
128907528
128912318
135176120
135178804
135179543
135193668
135206450
135217570
135217612
135222128
135223616
135225048
135225435
135225486
141310168
141314975
141325234
14703826
153174395
153226682
153227966
160151977
160153265
160165476
160168180
160173562
160177939
160186621
160191554
184085721
184099405
184112484
184116741
184155372
184160342
184161266
184179015
184179016
184179800
186148016
186205649
186916039
191388267
194067659
195032681
198467866
198614318
198622667
198656970
201898941
201898953
205149980
205206695
205208274
211185582
211189628
212064815
213191362
213244751
213518700
213719537
213719877
213747350
213791166
213806861
213812116
213815205
213822208
213834802
213838270
218596671
218646359
218655452
218690861
218705356
218733574
218759771
218770532
223002153
223070066
227961255
229119132
235225942
238008255
245130129
246323194
246376082
246386284
257500843
257528675
257530466
257531561
257544555
257563877
257576811
257577870
257585038
257592880
257596771
263433078
263550747
263554106
263558969
263559159
263559195
263559720
263560565
263562485
263580992
263589999
263592066
263594086
263601490
263618757
263618792
263621166
263622966
263624362
263625478
263629142
263630507
263631223
265300058
265324936
265976756
265990148
266020579
266025946
266054898
266066028
266068828
266072062
266077340
267235921
267380051
267524513
267953226
268001234
268024530
268034860
268041435
268051789
268054177
27000009630
275650102
275715005
275825592
276032602
276098906
276141041
276141256
276184576
276187046
276194005
276195313
276210617
276220940
279587777
28000084351
28000090308
29000096023
374718234
405592869
411958566
412082403
412097066
412109509
412113106
412124849
412147316
412151605
412157956
414250804
414264363
414268394
414288408
414354949
416069701
416289249
425219177
425248789
425284232
425284278
425284348
425328626
425332368
425332475
425357406
425405233
425405391
425409054
425418301
425419718
425419902
427128304
427135119
427158292
429048066
429102269
429109402
429151261
429156283
429172235
429199530
434176293
463910062
52269965
