1031192766
2171066080
1031196537
1031202356
2171074444
1091021515
2171069352
211106961
191217612
2171060243
2171060341
2171059243
1031196408
1031188169
1031197297
2171068000
2171058467
2171067093
1031028786
2171058872
1051084650
2171063083
2171066081
1031189841
2171007531
2171070725
1031190405
1031194856
2171068945
2171070348
2171069213
1031208440
2171055984
2171071114
1091022230
1031192860
912556626
2171057228
1031204863
1031194784
2171066280
2171058917
2171056925
2171069345
1031188986
2171056788
1031186227
1031187887
1031186700
1031188159
2171061644
2171070932
2171063613
2171058372
2171062079
2171059492
1031188397
2171065313
2171059635
2291007567
1031189615
1031195925
1031191810
1031191856
2171063005
2291010031
2171063247
1031202888
1031202890
1031202894
1031202896
1031202897
1031206494
1031206769
1031192251
1031192457
1031196089
1031196535
1031193145
1031195069
1031195666
1031207544
2171068893
912625657
1031195802
1031199161
2171067333
1031197644
1031196021
2291012658
2171068944
1031196337
2171068072
1031210567
1071015089
2171069978
1031199601
2171069183
2171071600
2171077669
1031199736
1101016710
2171069321
1091022779
2171069029
2171072797
2171077920
2171070796
2171071734
1031196992
2171008046
912557209
912559304
912563106
2171068116
912585511
1031203317
912589826
1101017246
912604748
912605794
912621157
