102267441
102369552
102423970
102423974
102436464
102486149
102487778
102852567
102986598
105707092
105855760
105902083
106358936
106358938
106358939
106562557
106657072
107025852
107314971
107314976
107371267
107371269
109644780
109722317
109737496
109747971
109766114
109821522
109832260
109832738
109846094
109854344
110153818
114196281
128296016
128894808
128895546
128906060
128907528
128912318
135178804
135179543
135193668
135206450
135217570
135217612
135222128
135223616
135224135
135225048
135225435
135225486
141310168
141314975
141325234
14703826
153174395
160151977
160153265
160165476
160172077
160173562
160186621
160191038
160191554
183883088
184108649
184112484
184153066
184155372
184160342
184162089
186148016
186205649
186916039
191388267
194067659
195032681
198467866
198622667
198656970
205149980
205206695
205208274
211185582
211189628
211194381
212064815
213191362
213244751
213518700
213719537
213719877
213747350
213806861
213834802
213838270
218596671
218646359
218655452
218759771
218770532
223002153
223070066
227961255
229119132
235225942
238008255
245130129
246076027
246277097
246376082
246386284
257528675
257530466
257531561
257544555
257563877
257572883
257576811
257577870
257586164
257586166
257589846
263433078
263493104
263550747
263558969
263559159
263559720
263589999
263592066
263594086
263596567
263596573
263601490
263618415
263618792
263622966
263624362
265300058
265324936
265867287
265976756
266020579
266025946
266054898
266068828
266076948
266077340
267380051
267524513
267942239
267953226
268024530
268034860
268041435
268051789
275650102
275715005
275825592
275904371
275980555
276032602
276098906
276141041
276141256
276184576
276187046
276195313
276210617
276220940
279587777
28000090308
374718234
405592869
411958566
412097066
412119542
412135484
412147316
412157956
414250804
414264363
414268394
414288408
414354949
416069701
416289249
425205696
425219177
425248789
425284232
425284278
425284348
425328626
425357406
425405233
425405391
425409054
425418301
425419718
427128304
427135119
427158292
429102269
429109402
429151261
429156283
429172235
429199530
434176293
463910062
52269965
